66110
H0037
1001001
230679
120045
161286
230477
142431
180123
181818
Q70173
190469
210323
160310
210533
220513
180040
130095
201056
220516
211383
Q70095
040004
152314
181212
211697
190652
220987
230112
211702
130026
180763
210115
150946
160837
190040
210081
H0058
152203
211538
210569
110148
230400
211103
200826
161737
150895
180609
200394
130192
220949
230500
230583
110559
211747
230607
220341
230342
161539
H0064
210153
160252
220829
230506
200989
141146
191219
180621
220519
141349
171420
171175
210661
140615
230555
190994
230153
151637
170214
100514
070018
230568
151046
151926
110721
221012
230347
200556
161139
230464
230206
152083
200077
180518
140385
Q21019
170494
230534
220892
220709
151918
220422
210733
200950
151641
210940
211122
171181
211369
220254
220887
160489
180016
220014
152137
Q19001
181531
161197
230566
220443
230573
180644
191054
191005
180362
181164
230164
211557
150998
151697
171213
211288
210057
220447
220430
130025
220281
230187
150809
180027
230334
201035
220752
211781
060001
220604
170216
220449
230089
161902
230380
180667
221197
220901
190365
070161
210608
130296
220903
070002
210660
211851
230473
160008
220569
190651
190858
200488
010054
H0054
181054
220257
210744
150586
230002
Q22021
201265
220684
210363
210853
110008
211656
152304
200993
211533
170314
150054
220054
H0036
010037
220194
220504
150968
210229
Q23019
170094
160090
221189
210886
180032
230486
171100
161875
220065
200765
220474
110863
180172
210239
190323
150815
230042
200944
221068
200651
210434
220180
210419
210694
180263
220252
230430
220314
161199
181172
162373
220276
230253
230613
Q70137
160170
181226
130719
181438
220235
141057
210410
200679
150478
170476
230054
230673
180024
220712
170787
160278
220939
160225
150145
220351
230581
160583
220875
220747
220001
161388
220362
230205
Q20001
151969
211038
230213
H0063
010063
200030
191018
220775
220460
210961
190714
210421
150972
230090
H0062
200036
220244
140644
152147
220796
221118
230268
151181
150373
181334
230320
230273
110266
150818
141344
160994
180387
190327
211330
211891
211243
151834
152339
230366
140016
190138
090225
211166
220997
130622
230188
220059
150992
230151
010048
H0048
200107
110011
210612
220647
201055
220476
200720
230644
160652
180308
220707
230142
210141
210845
190674
090467
151613
230590
161512
200601
220691
120366
210909
210593
170235
180442
230452
110158
120311
070040
151900
Q19033
161526
180330
151131
210739
210297
210108
210673
220451
220400
211233
140780
162429
210955
090043
230592
210693
230419
Q21036
180007
120249
130632
180577
170867
120586
230410
220331
211718
130417
230062
190550
201277
220619
210451
220814
170679
110006
210619
220175
200421
161145
230438
151205
160777
220538
220669
211310
150660
150515
230670
130648
171274
211006
180639
900018
201243
Q19028
230398
180229
220602
070120
180423
220750
230677
162499
211733
170832
170209
070088
220919
230335
220130
170836
230322
211585
210249
211078
200274
160306
161187
200038
230190
220582
210188
170930
171302
220659
162426
180239
220819
211474
230346
210085
210729
151793
180705
210073
211889
211315
151541
Q20044
130098
130818
201117
170918
090262
120895
180804
201148
210958
190207
161954
160391
Q20007
230163
Q20046
180128
140362
220114
190496
181553
100392
221041
Q23010
190155
211570
Q19031
211693
161836
170152
211846
220641
161568
130653
230424
220621
191181
191036
210191
220575
220150
141397
100270
230660
000008
190931
211359
220735
141326
230399
210862
230567
210907
191203
220304
210145
200461
130614
220471
180955
180261
210666
220725
230184
211674
211563
220590
190311
211650
220972
121035
170966
220381
190374
230010
190838
171146
211610
230116
200032
Q18001
211618
230186
200687
200869
220168
230519
210715
120470
151158
150560
Q23005
210590
170207
181506
230382
120401
230017
211739
230647
110528
190114
211317
180307
200968
110016
210221
Q22022
210449
230487
220502
162407
220102
Q21028
190431
180656
230157
220069
210209
181043
220971
110817
170523
200112
221079
220634
130370
200361
110419
151061
220946
130636
230634
220632
210393
230238
160829
152344
180649
120086
210874
230075
230220
220718
170768
220637
220089
211082
Q23006
162387
181046
230332
140481
170021
190234
230073
190546
160307
170009
210701
230107
230048
151938
230502
181253
230173
211485
Q20013
120372
220966
201082
171452
211171
230364
230561
230580
221092
230177
110564
220594
190370
152289
180947
230620
230591
220883
230125
Q20036
201086
090086
211104
220948
190727
171397
210352
170448
900001
Q18035
200348
230470
Q23013
170083
210407
130767
171291
200804
161730
191032
151857
230593
201135
200018
211384
130619
190687
160231
161943
161076
230377
181574
180153
Q23009
141427
200755
211193
220520
Q23003
190886
150274
210711
160992
230574
211182
090389
180130
170971
211598
180365
130573
170987
190596
210437
170548
151172
171049
230449
211837
171318
220162
170196
171384
200120
190859
170405
210355
230552
230249
210680
220792
221140
210474
130497
221011
200124
220686
200547
220258
Q19006
230554
220675
160721
211295
220228
230406
151710
070176
220682
211812
210392
140498
220547
090341
170862
161966
211551
180341
211278
211742
210869
181072
230633
190821
170669
211297
210708
211139
230643
220638
Q20027
210367
200497
180391
161014
230119
220514
110285
150191
140219
090047
230170
211603
162077
211715
230492
201150
230128
152272
160576
211181
220212
210033
230373
230651
210858
211550
210403
Q23011
162146
220347
180226
150666
200873
220846
211729
220925
170955
201188
220618
210773
170320
230083
200681
181525
170943
210825
211868
211840
230289
210464
211574
220583
161799
221129
170691
141226
120503
130628
210545
161524
130319
190669
220109
140977
170459
171336
100253
220635
152218
190993
100523
230261
180117
180571
210200
230208
220093
200666
211094
220201
161580
020004
230635
210814
170996
Q21014
140560
220177
140356
160493
220220
210003
100264
210665
141267
230248
220043
230252
221030
180725
210610
201221
020005
200222
220071
211320
162112
221137
211162
090260
200969
221088
230445
190149
120585
190869
201002
230650
080030
161486
190896
210877
210786
221148
230267
230629
210842
130048
211242
230015
161104
210599
210283
210446
190650
211536
190965
150981
211140
100628
190867
150633
152293
160863
Q70086
220329
211864
190316
110162
200349
201019
160772
220719
162157
180563
211138
160767
180131
120762
190103
180156
130020
211293
181055
230618
210609
150618
230150
211746
170433
220701
140156
221160
210745
221132
190367
020007
110815
170184
Q22003
200039
210004
180503
180573
220154
220978
160117
170954
230234
220854
180538
161225
110435
230416
200399
Q70070
201237
230155
150530
200628
151193
170833
211147
210784
170307
230324
180190
190083
220557
120298
211852
110530
221182
211577
210865
211149
220241
171464
210063
210486
211055
221200
100158
230318
220211
220237
211881
171033
160130
211217
230081
230148
220716
160432
230210
220163
220160
162005
150910
210064
210473
170458
Q23012
220419
060016
151195
221127
221169
180999
170616
141334
152044
220588
211290
210192
160987
180530
181350
120705
200142
210783
210217
230553
221125
211685
221149
Q21018
230505
220239
230046
151839
210695
130395
190128
210424
210843
210405
170238
220878
230222
120229
220284
Q19030
130233
110565
220010
151947
200171
191031
161932
220773
200949
120469
220914
211266
200938
211680
210668
Q18036
221031
220571
151087
130617
100423
230490
211184
210111
160617
220230
200733
160748
221163
191120
141016
181130
010001
H0001
220779
220791
211552
230611
181344
220560
170322
230444
200715
130764
180576
210676
230576
Q22017
140817
210891
160831
161817
171379
220371
220955
211048
200608
190822
161205
080076
160426
152061
211199
220601
Q21024
210441
191038
110161
H0030
010030
010057
230409
220224
211086
220518
200862
110650
230659
201081
Q22010
200090
200994
010059
H0059
180701
180236
151849
220308
220322
Q19017
190399
220979
210466
181222
210313
220947
211045
170969
211071
151516
221147
211826
220629
190055
210517
151678
220626
162472
220762
210281
Q70055
230587
H0052
010052
220033
210934
120897
190453
220787
190690
210444
210827
230057
170511
211169
210361
180508
180986
220410
210273
220077
160362
201088
160657
190360
200449
140844
220421
230060
Q19042
211025
151398
220063
150364
170642
150548
190962
210804
170146
190248
130138
210935
121161
210710
070180
230663
220868
181374
Q21008
211686
230231
190522
200951
210248
100026
110865
230215
220616
190734
221026
191017
220888
230091
180351
221190
200058
120304
090350
210244
210643
221016
170245
220195
180715
230277
211884
211327
120681
162045
160370
180195
210846
162205
151731
221077
161649
120775
190306
211224
210029
010031
H0031
141307
220783
230577
230039
221114
120166
211277
140155
120319
230068
200714
200838
H0029
010029
220068
161598
170340
230055
230385
151124
140036
211805
151752
Q70106
210852
160010
090385
230440
181502
150137
161538
210868
210504
230384
190621
211810
190664
201250
210541
161413
100747
201001
220732
200963
160137
210555
230630
220636
220003
211492
200397
160864
211886
211791
H0007
010007
190402
230386
140234
220623
110886
200860
Q23007
161258
190625
200864
220079
220784
200105
230383
230149
700123
201295
180657
170845
230209
220913
161246
180848
161930
161204
190355
190543
201257
190223
161718
200158
200789
230158
160229
200485
230236
160891
220249
180054
211294
170488
110082
220759
230004
210328
120150
Q20031
211816
200040
220404
152161
221130
161968
211312
161284
221101
170884
220349
220620
140525
150108
170514
211260
220741
120455
171280
220396
110627
230491
190157
151711
210697
220209
200031
210702
220943
210485
221067
220248
211519
100029
080088
162502
230457
170324
211220
Q20025
060014
181448
220417
150118
180984
181011
220772
201140
211161
162395
220092
190885
221161
230390
190909
220992
151343
110835
180141
210830
151813
220397
210290
H0045
171279
220060
180884
210078
150046
210629
230306
201276
210546
190686
060027
100763
180948
152320
220438
200467
210505
180323
230407
150635
220809
190148
211302
211814
180042
210535
211473
140245
160099
180501
220007
200267
220695
230111
120142
210753
Q19020
140214
Q18026
210245
210779
181311
211241
130575
211163
211183
Q19032
121060
220356
210755
211562
210901
151898
230434
Q22007
190597
220612
180854
161159
210332
211014
230598
220533
230348
230166
230675
Q19007
201144
Q19026
170595
230588
210847
190970
230226
220382
170643
200678
210484
210700
201220
201018
220082
201196
230435
180849
230212
Q19016
211165
211148
171266
200973
220622
190151
162476
190603
210727
220009
210797
170773
220703
220338
230425
180363
Q24001
210198
191034
170597
230616
140706
150342
220974
220751
220895
190078
190883
220174
230521
151377
211773
230079
201218
Q22018
211842
220677
220886
140018
152177
230606
181392
210682
211517
110021
010066
H0066
140548
170948
150779
210646
230118
180019
210883
211722
220763
211783
211047
210220
201043
200684
Q19015
230305
210928
120782
050004
190526
230461
200291
230631
190439
220380
162115
210156
170985
220785
180251
161314
Q19043
152208
Q18022
210810
210345
200034
230436
211573
170820
230121
230216
140815
211845
211555
181339
211102
160933
210554
170280
220028
211862
H0025
210544
220954
211590
211724
220186
151832
130508
181399
201115
140441
221082
220437
230654
210615
230493
230064
210769
211658
170398
150094
210036
180778
210025
210592
190456
170431
230515
180622
180520
230169
210163
130681
210982
211388
190021
230524
210984
230161
070112
190308
230459
130503
161585
210859
220232
230511
121185
161581
180710
221021
220848
210667
100369
190368
211126
180669
210572
200081
220789
201071
200490
150706
230071
220208
230653
190356
180524
020006
171114
181110
220231
230403
191116
201133
151521
211134
230266
160065
230535
220853
150461
230462
220911
230303
170022
170151
170722
210805
220532
230134
220273
210565
190056
151374
060019
220720
190941
220989
141231
220481
190691
230532
200848
120651
230263
120043
152340
190364
170468
221131
211683
200489
200744
230227
900015
900016
200042
191145
211675
171203
221085
080057
160372
140039
221174
221091
Q23001
Q22014
180152
151833
210144
161746
070033
230254
210265
211377
221120
220439
220207
190092
190163
190106
000004
000002
211150
160878
211219
220802
190258
090489
211487
211338
220600
211151
210167
210571
171292
180173
220630
161490
211855
190030
230141
190614
180426
150726
220711
151822
191195
H0057
170062
230092
220642
211527
230130
151816
160071
210054
220761
140985
220679
010020
100267
140930
170236
090416
220491
161874
161405
230504
221008
230669
162200
161483
220700
211231
190864
211790
220793
000007
190811
230652
220865
200084
221208
230006
230536
221057
170156
230559
160740
180397
Q70160
151116
190094
220739
200221
210669
Q22020
Q21009
190754
161786
180047
162341
220064
Q00001
060020
230224
230202
201283
220625
161653
200654
210960
181142
210399
200432
210832
Q18025
211287
210641
170255
210430
152347
210683
040001
141369
190236
180265
140267
130891
230152
211077
161087
162436
220816
150781
181537
120021
211207
211558
Q21023
211512
211690
190753
220781
130326
140367
191226
211713
150379
210368
210585
150688
191117
190960
220999
110294
220603
210752
211511
Q22008
220980
211268
171310
220806
120002
230099
130176
162405
211720
190818
210894
220824
220424
210453
190472
220123
150975
152345
220769
220812
230181
210888
200604
130835
230503
162144
190224
211202
210671
220585
161743
220510
230533
210426
150522
230455
230656
200482
120073
151952
170472
190622
171171
200995
210465
130461
230008
220969
150132
230191
152088
230262
190228
190649
230175
220823
160496
210627
190475
161924
211631
221061
220782
211642
140479
220374
211541
210342
120409
140724
211556
180752
220993
220299
200491
040003
Q23017
190147
230546
220617
Q21027
190609
220312
160889
211853
230499
180113
151658
190542
230114
161563
210098
220820
120101
Q20038
130135
Q23022
151927
160422
220778
230388
211366
220240
162454
140026
230387
161515
200919
210402
211721
181022
130778
170211
230321
211648
201134
220403
171326
110118
220500
210791
180311
211073
120406
220758
150631
181302
170941
220229
220118
Q70002
Q18016
210774
211198
190468
210978
H0020
140456
Q19021
211090
180194
220355
201215
201006
211397
190748
Q19014
100365
201000
220302
230489
200016
200861
200711
210497
211156
200193
220937
220673
220844
140631
181508
181091
141245
171188
220648
110469
210428
230033
140096
161101
230599
220300
181424
162136
211259
120761
170889
210261
162049
221199
060008
220085
170161
180333
230019
170610
220489
220539
211083
220951
150834
230391
171359
150762
191035
221071
162008
220436
230463
210728
211606
200353
140523
181200
180498
170315
210143
180259
190063
Q21013
140888
211619
220119
152222
211225
180342
230223
230517
230143
210042
230512
170781
220713
220639
200614
210406
181446
130539
160663
220425
230076
161494
150391
161841
220391
190521
220786
220340
130350
160365
190017
220378
230199
190605
Q20018
211502
210482
150401
130531
080219
040002
Q22005
220904
230242
211430
230420
200900
211392
230476
150347
211513
090241
162443
220681
H0040
010041
230513
211498
230256
151671
210031
211524
211509
211446
230645
180645
161219
181229
130248
170089
120658
221049
121145
152233
230623
190217
230204
220766
151817
230474
200688
211848
230138
070001
150637
161934
211671
221153
200639
190996
220649
211152
160381
151987
171118
210230
220383
162500
160433
141363
161334
140137
180185
180920
161095
230014
150029
201244
220024
Q23016
180607
141145
220780
070071
170257
230509
201212
230162
Q20049
230469
230518
221119
181352
181441
220559
161989
070057
170435
220456
180983
130368
151823
110223
220359
150447
170618
230292
170892
211091
210391
Q20004
191030
162514
211475
220994
230603
230082
211120
Q19012
220628
170299
230483
220743
130865
220415
170144
162213
150397
170572
220876
220877
180755
210166
210197
151978
190093
220172
200524
220492
161983
220579
190352
120605
220640
170980
181118
130721
151179
171206
152087
230345
Q21031
220645
230182
210181
211604
230069
220558
180133
210236
230664
221166
221100
210890
220856
190377
210687
220726
230672
171272
210790
210208
220859
221107
230680
230005
130110
191180
121103
161533
210750
211272
200558
190133
150367
130188
152334
230363
Q70091
070152
230316
220776
180612
Q20045
191186
Q21029
220171
150015
190160
090423
181395
190936
211575
220091
221102
220935
150645
220674
211201
150032
230584
150555
160615
230333
170928
230508
220748
170693
161013
181028
180784
230282
140121
210422
210699
221173
190487
211652
Q19040
171237
110727
211865
160152
220011
190357
180546
211778
190635
221165
090353
080114
161214
230274
220932
221178
230310
090242
170147
230160
230113
141261
170438
130631
171492
120732
162393
160786
190100
201059
Q21030
230389
230429
211529
150085
180230
181375
210539
160105
150535
211356
161240
221036
120346
210182
090249
201069
211777
210379
220245
141089
161480
201020
180437
230031
180748
210678
190433
200408
010069
211221
200401
190956
230132
170904
211394
220126
150749
200282
Q70069
210024
180384
210679
200858
160751
Q19027
161434
230437
230120
200613
210878
200962
221142
220687
220666
200886
220722
221168
210070
201146
211759
151279
230103
210016
211092
070015
211195
180403
230451
900012
900013
200223
230579
221048
150855
220402
211779
220352
210383
162158
220409
200285
230032
200778
151319
171174
Q70004
Q70089
220462
200430
230657
220882
170990
230408
010065
H0065
060004
150617
181394
151945
180343
201273
H0039
210429
090127
171479
140364
210215
080115
211269
220507
200618
210135
211698
220036
221103
201211
230050
100429
Q20041
211676
150392
190301
230271
210717
190325
130096
220179
220379
220857
152189
160376
210272
211273
171068
211695
210807
221024
210137
211403
220012
130666
010051
H0051
161330
150944
171305
221162
151412
200277
200739
220339
162039
200920
211719
220233
Q19002
230542
230067
221074
190041
220269
170644
201268
211617
180592
230072
210116
210873
191083
210168
211663
130876
211305
120315
180183
190705
210690
220879
230622
Q20040
190557
230661
220680
900010
900011
211177
211608
200645
210564
190016
201266
210936
170121
H0004
210256
200717
211811
220267
230624
070094
140986
151067
211882
230636
210943
181390
190002
Q23021
181393
200939
170224
070011
211445
191150
151533
230447
220683
220664
220202
211227
160726
Q21016
201004
150899
211560
170157
220446
200357
230078
211386
221023
210897
150140
220551
221042
040007
130052
211637
220916
220390
Q18032
140908
220155
190648
152234
220360
150898
211324
190294
090259
160151
220106
220624
220676
210840
220699
230640
230225
140230
220578
210547
230358
900017
220850
210942
220996
230126
080238
020003
211684
180394
110544
140074
220930
210659
170069
120013
080009
161084
210468
210476
211337
Q70038
230498
220405
210359
210348
150159
160116
181379
180977
141022
211804
160035
210071
160298
220251
211428
211001
230250
211737
180627
181051
190928
Q23020
170645
211176
220976
220663
150023
110837
210492
161933
211027
211174
211136
160194
180733
230304
210139
190380
Q20003
230110
230528
181044
140057
190731
Q70158
140884
162097
160498
211141
150588
171417
221202
151854
Q70077
191192
170544
230154
220110
211218
170994
161867
210105
190735
200976
221154
190340
150363
210048
220428
211032
190082
201119
230337
200121
220505
220075
150624
220373
161471
Q70084
160148
161769
151764
211130
170687
090296
211772
161085
210817
110773
210756
180196
Q70156
040006
220283
190303
220710
221002
230609
220668
170206
210573
190290
170830
211211
160993
140958
152058
170580
220587
210074
200290
211296
230471
230098
141392
140167
230676
200033
220131
170835
230525
190918
171462
070194
150460
210528
151126
230178
140634
210386
161734
170090
220690
210490
200582
161402
210205
180559
150499
210169
181080
070195
Q22009
211578
090305
200793
230179
900014
161894
170404
151837
190558
210404
070035
200625
211340
210788
230460
191060
Q20008
230401
181279
200186
220746
220815
220090
Q18010
060022
211763
020001
230214
210941
210253
170692
211623
210008
221164
110500
220486
200136
211370
171370
230264
211292
161239
141415
211592
161742
162225
201291
170510
220810
090386
221152
220247
220272
151163
220592
230450
201206
210322
230139
141104
160724
190452
161089
230454
161484
130668
050002
010067
210460
230494
210872
211707
161835
230009
220744
230465
170284
220047
Q19008
220101
211028
211257
220048
230096
230095
162161
190501
221038
161188
171453
171353
190943
110557
200644
211172
211357
170329
050001
180697
170608
152271
211858
230443
211321
230485
190490
210777
210798
010042
H0042
221141
Q22011
152021
230084
130447
210860
210796
230594
220667
220731
130853
130450
230159
020002
181183
151981
130854
161136
200824
211380
200354
211074
130903
090240
200872
220086
171374
211651
180851
180930
180174
210927
230520
170395
211270
220660
230129
220870
190172
210475
180761
220271
201121
221196
170678
211329
211291
161237
211275
230678
230307
161936
190006
221134
220693
191224
210452
110628
190485
210540
230194
150932
210010
210129
Q21017
210522
220851
220200
170912
130215
160031
210005
210146
211464
230446
150731
200690
210409
180444
221058
220942
210953
191182
221124
211263
230101
190314
140578
151215
220334
Q19023
120138
190305
220973
210617
141381
200852
220485
200200
230392
220940
220808
230614
160427
140422
161409
211215
220078
201090
211300
162505
Q70011
170481
211133
162455
Q70017
210948
210417
211339
210893
220696
211024
210611
211876
180474
210035
121090
211785
152259
210175
220044
220849
150414
211080
191163
140892
210616
220715
211228
230428
162392
Q20002
211129
190362
211597
130225
140843
151395
162352
220934
230276
220627
161995
221001
140003
230507
170064
210768
170223
181323
230527
211472
Q23008
120530
201014
200977
220765
210917
130329
Q19024
110445
210640
190571
170155
Q70168
170352
160156
220465
171441
230180
211599
211495
220051
220869
220880
220353
150007
220874
161893
Q70171
220633
230272
161927
181186
130493
230589
171076
190683
230501
211189
120432
210339
161834
210732
211030
161333
221065
210508
161702
150608
Q21022
230355
200548
230562
100193
100487
191199
151680
140535
221081
151700
220282
Q70186
211627
211580
150777
100161
162420
230467
221181
200438
Q22015
211634
210242
151920
191129
211600
220483
160491
221139
152156
150856
140365
180606
190491
210047
161546
900002
230615
Q21038
210202
170222
210507
151079
140379
Q22006
221040
140386
210882
Q70155
170182
140590
210511
162234
211409
170500
162355
120850
170703
211626
162421
211478
220178
230671
161440
200686
221032
210903
150377
220490
161683
220768
211448
220393
Q23014
180345
Q20048
160435
220873
Q70191
221176
220099
200641
210787
220852
162372
190540
140988
230626
180406
200585
220448
141033
161928
160070
220336
120352
201203
201085
211843
181346
190014
230564
230021
171489
171083
140931
190170
150428
160186
220965
210823
230367
181169
200468
211251
211624
190378
210338
150441
221177
Q21035
140848
170680
210689
220242
211382
220774
180858
230140
171317
160945
070107
Q21034
140521
230475
210155
230648
210237
220316
200054
190455
181225
150406
211058
230484
230105
210177
150152
150253
160374
221207
Q20021
191137
211835
230309
221052
Q70133
190359
190974
191220
230037
170801
220811
230569
080259
210552
211741
211521
220108
220454
160893
190145
230649
221158
201254
130201
220902
211245
120257
130889
230357
230174
210597
180220
221150
211817
140407
190326
220872
210104
220061
220173
220867
Q23002
210456
230600
190972
152051
151738
171488
141398
230667
211112
211815
180575
211871
Q70161
211830
210598
211714
181345
211378
220688
230146
120301
230007
200710
141175
220717
110324
230472
181464
190137
210785
180495
160308
140054
201036
181503
211892
Q19035
220100
220055
200626
171029
220167
141356
220738
161071
230426
161832
230523
230627
171221
190717
171078
230038
181554
230315
190667
201255
220444
200059
211689
211488
190706
230047
181453
220372
211209
Q21032
Q20012
230077
211636
151827
161182
230374
100675
230189
150031
140326
210462
191202
110347
210534
130325
161198
181380
210709
151564
110292
230201
210318
230674
181102
220866
211249
230193
170782
210595
181389
210570
210425
230639
200617
Q23018
230468
220215
221146
220030
070066
Q23015
230133
221179
220045
211167
151888
H0035
010036
221151
H0006
010006
191143
220804
180632
220805
171402
190926
210331
230458
130695
190713
210576
Q19013
190031
230013
180422
221070
150827
181141
180676
171486
211491
200132
160220
221123
220418
211244
210771
200519
170300
Q70093
200798
200050
210542
210461
180122
190363
110079
211647
220226
211197
220325
152264
160738
190039
130070
180626
130773
160054
170929
220198
200351
230641
130890
210503
210186
210096
200146
220737
Q20023
230582
162377
180332
150690
210933
160206
191109
070049
220015
140870
150936
100490
210751
221084
150973
210530
161430
162184
210305
230602
162120
230365
210563
230338
140546
230402
230550
190131
201248
Q23004
170615
220998
180726
230448
211285
211374
211494
130347
210998
230093
190117
161716
150876
100232
210039
181581
230255
160342
210479
191070
170695
211479
201262
220058
211591
200211
160492
221083
171111
210867
140770
161290
180405
210613
210251
140159
151653
140746
211286
210696
140524
171145
171442
181287
220689
180526
220088
210423
201258
211087
211678
211154
151982
210584
181376
140864
181308
180509
190024
170739
160587
200662
190162
070124
110217
211283
220214
211593
210021
190184
221115
180110
Q70148
200763
230319
211758
211447
161865
211034
200791
201287
Q21012
210002
162468
Q19038
211385
230638
171024
230080
230251
211137
200275
170995
191175
211743
181447
211223
210390
160233
210107
230044
200355
161371
040005
120891
120734
220863
211588
